Leaky ReLU:
Fprop: [ 1.5   -0.033  3.1   -0.018 -0.047 -0.015]
Bprop: [[  5.     0.1  -10.    -0.05   0.     0.1 ]]
ELU:
Fprop: [ 1.5        -0.96311683  3.1        -0.83470111 -0.99090472 -0.77686984]
Bprop: [[  5.           0.36883167 -10.          -0.82649444   0.           2.2313016 ]]
SELU:
Fprop: [ 1.57605    -1.69329067  3.25717    -1.46751833 -1.74214557 -1.36584307]
Bprop: [[  5.2535       0.64845636 -10.507       -1.45308989   0.           3.92293236]]
